[gd_scene format=3 uid="uid://d2l2q1r4wk3y5"]

[ext_resource type="PackedScene" uid="uid://drwjhv62i44xk" path="res://Tasklist Only/large_flat_plane.tscn" id="1_kne1u"]
[ext_resource type="Script" uid="uid://bkxe01vf0uykh" path="res://player.gd" id="1_wi0c6"]
[ext_resource type="Script" uid="uid://bkjhl7d84gscg" path="res://character_body_3d.gd" id="2_e80uo"]
[ext_resource type="Script" uid="uid://d3ymsdw38kdt8" path="res://camera_3d.gd" id="3_cxr5p"]
[ext_resource type="PackedScene" uid="uid://cvpf7cxp3jxp4" path="res://Tasklist Only/blocks/block.tscn" id="4_e80uo"]
[ext_resource type="PackedScene" uid="uid://ejw7lyl7w8of" path="res://mesh_instance_3d.tscn" id="5_cxr5p"]
[ext_resource type="Script" uid="uid://dbuwgn34v7o5i" path="res://area_3d.gd" id="5_dtqjt"]
[ext_resource type="Script" uid="uid://dmbtnckwje2s6" path="res://lava.gd" id="5_tdg3f"]
[ext_resource type="Script" uid="uid://dg8r2pnxujt6u" path="res://collision_shape_3d.gd" id="6_dtqjt"]
[ext_resource type="Script" uid="uid://kpe3ojfwltym" path="res://camera_3d_2.gd" id="10_hp6x6"]

[sub_resource type="Environment" id="Environment_kne1u"]
ssr_enabled = true
ssao_enabled = true
ssil_enabled = true
sdfgi_enabled = true
glow_enabled = true
glow_normalized = true
glow_intensity = 6.65
glow_strength = 2.0
fog_enabled = true
fog_light_color = Color(1, 0.491704, 0.447626, 1)
volumetric_fog_enabled = true
volumetric_fog_density = 0.067
volumetric_fog_albedo = Color(1, 0.840027, 0.813055, 1)
volumetric_fog_emission_energy = 54.45
volumetric_fog_length = 95.35

[sub_resource type="CapsuleShape3D" id="CapsuleShape3D_tdg3f"]

[sub_resource type="BoxShape3D" id="BoxShape3D_cxr5p"]
size = Vector3(266.039, 4.8266, 377.817)

[node name="Node3D" type="Node3D" unique_id=1783119130]
script = ExtResource("1_wi0c6")

[node name="WorldEnvironment" type="WorldEnvironment" parent="." unique_id=2117827761]
environment = SubResource("Environment_kne1u")

[node name="DirectionalLight3D" type="DirectionalLight3D" parent="." unique_id=1353416288]
transform = Transform3D(-0.866025, -0.5, -2.18557e-08, 0, -4.37114e-08, 1, -0.5, 0.866025, 3.78552e-08, 0, 0, 0)
shadow_enabled = true
directional_shadow_max_distance = 1810.0

[node name="Player" type="CharacterBody3D" parent="." unique_id=1366524219]
transform = Transform3D(-0.99999994, 0, 8.742277e-08, 0, 1, 0, -8.742277e-08, 0, -0.99999994, 0, 3.9934607, 0)
script = ExtResource("2_e80uo")

[node name="Camera3D" type="Camera3D" parent="Player" unique_id=2054127015]
transform = Transform3D(1, 0, 0, 0, 1, 0, 0, 0, 1, 0, 0.58352, 0)
script = ExtResource("3_cxr5p")

[node name="CollisionShape3D2" type="CollisionShape3D" parent="Player" unique_id=147324828]
transform = Transform3D(0.99999994, 0, 0, 0, 1, 0, 0, 0, 1, 2.9802322e-08, 1.1920929e-07, 0)
shape = SubResource("CapsuleShape3D_tdg3f")

[node name="Blocks" type="Node3D" parent="." unique_id=390860484]
transform = Transform3D(1, 0, 0, 0, 1, 0, 0, 0, 1, -0.169489, -0.127662, 0.201502)

[node name="block" parent="Blocks" unique_id=116486464 instance=ExtResource("4_e80uo")]
transform = Transform3D(1, 0, 0, 0, 0.929924, 0.367751, 0, -0.367751, 0.929924, -1.21759, 3.3069, 20.0097)

[node name="block2" parent="Blocks" unique_id=127680738 instance=ExtResource("4_e80uo")]
transform = Transform3D(-0.14952, 0.156095, -0.97636, -0.0660077, 0.983681, 0.167374, 0.986553, 0.0894731, -0.136776, -5.11401, 8.79402, 40.5081)

[node name="block4" parent="Blocks" unique_id=118453982 instance=ExtResource("4_e80uo")]
transform = Transform3D(-0.992049, 0.0502929, 0.115371, 0.0588279, 0.995682, 0.071806, -0.111262, 0.0780221, -0.990724, -38.8301, 15.421, 16.6974)

[node name="block7" parent="Blocks" unique_id=237828793 instance=ExtResource("4_e80uo")]
transform = Transform3D(-0.992049, 0.0502929, 0.115371, 0.0588279, 0.995682, 0.071806, -0.111262, 0.0780221, -0.990724, -36.0829, 17.1308, -6.89341)

[node name="block9" parent="Blocks" unique_id=123695023 instance=ExtResource("4_e80uo")]
transform = Transform3D(-0.117431, 0.0502929, -0.991807, -0.0716836, 0.995682, 0.0589769, 0.990491, 0.0780221, -0.113319, -48.4822, 17.2044, 0.159865)

[node name="block64" parent="Blocks" unique_id=1214361205 instance=ExtResource("4_e80uo")]
transform = Transform3D(-0.992049, 0.0502929, 0.115371, 0.0588279, 0.995682, 0.071806, -0.111262, 0.0780221, -0.990724, -38.8301, 23.73529, 16.6974)

[node name="block65" parent="Blocks" unique_id=1272576469 instance=ExtResource("4_e80uo")]
transform = Transform3D(-0.992049, 0.0502929, 0.115371, 0.0588279, 0.995682, 0.071806, -0.111262, 0.0780221, -0.990724, -36.0829, 25.445091, -6.89341)

[node name="block66" parent="Blocks" unique_id=1768077332 instance=ExtResource("4_e80uo")]
transform = Transform3D(-0.117431, 0.0502929, -0.991807, -0.0716836, 0.995682, 0.0589769, 0.990491, 0.0780221, -0.113319, -48.4822, 25.51869, 0.15986499)

[node name="block10" parent="Blocks" unique_id=916154435 instance=ExtResource("4_e80uo")]
transform = Transform3D(-0.117431, 0.0502929, -0.991807, -0.0716836, 0.995682, 0.0589769, 0.990491, 0.0780221, -0.113319, -74.0828, 6.99119, -3.61446)

[node name="block20" parent="Blocks" unique_id=518976892 instance=ExtResource("4_e80uo")]
transform = Transform3D(-0.117431, 0.0502929, -0.991807, -0.0716836, 0.995682, 0.0589769, 0.990491, 0.0780221, -0.113319, -50.3241, 5.57841, -0.89991)

[node name="block24" parent="Blocks" unique_id=2005740819 instance=ExtResource("4_e80uo")]
transform = Transform3D(-0.30325, -0.388014, -0.914142, -0.185113, 0.921422, -0.381895, 2.5578, 0.0206826, -0.136018, -39.7188, 8.63933, 0.578965)

[node name="block21" parent="Blocks" unique_id=1868708762 instance=ExtResource("4_e80uo")]
transform = Transform3D(-0.433864, 0.126527, -0.89205, -0.023304, 0.988183, 0.151497, 0.900677, 0.0865176, -0.425788, -25.1355, 4.47285, 4.75052)

[node name="block22" parent="Blocks" unique_id=1778758146 instance=ExtResource("4_e80uo")]
transform = Transform3D(-0.329021, 0.229398, -0.916036, 0.170018, 0.968584, 0.18149, 0.928892, -0.096028, -0.357686, -12.7092, 2.01145, 10.7635)

[node name="block19" parent="Blocks" unique_id=1741238288 instance=ExtResource("4_e80uo")]
transform = Transform3D(-0.117431, 0.0502929, -0.991807, -0.0716836, 0.995682, 0.0589769, 0.990491, 0.0780221, -0.113319, -97.6858, 8.39473, -6.31124)

[node name="block23" parent="Blocks" unique_id=1277629680 instance=ExtResource("4_e80uo")]
transform = Transform3D(-0.117431, 0.978501, -0.169546, -0.0716836, 0.16193, 0.984195, 0.990491, 0.127729, 0.0511268, -106.353, 15.0325, -6.85831)

[node name="block18" parent="Blocks" unique_id=269463938 instance=ExtResource("4_e80uo")]
transform = Transform3D(-0.117431, 0.565182, -0.816565, -0.0716836, 0.815285, 0.574605, 0.990491, 0.126011, -0.0552258, -106.921, 25.2199, -6.18842)

[node name="block25" parent="Blocks" unique_id=1919122274 instance=ExtResource("4_e80uo")]
transform = Transform3D(0.937344, 0.342924, -0.0615671, -0.343602, 0.939116, -0.000445356, 0.0576659, 0.021572, 0.998103, -121.971, 32.3326, -8.05621)

[node name="block26" parent="Blocks" unique_id=1665721092 instance=ExtResource("4_e80uo")]
transform = Transform3D(0.0712159, -0.033047, 0.996914, -0.00309278, 0.999439, 0.0333517, -0.997456, -0.00545847, 0.0710737, -109.576, 27.4046, 9.44009)

[node name="block27" parent="Blocks" unique_id=2070349983 instance=ExtResource("4_e80uo")]
transform = Transform3D(0.0712159, -0.033047, 0.996914, -0.00309278, 0.999439, 0.0333517, -0.997456, -0.00545847, 0.0710737, -73.0962, 28.625, 12.0409)

[node name="block37" parent="Blocks" unique_id=1236130957 instance=ExtResource("4_e80uo")]
transform = Transform3D(-4.37114e-08, 0, 1, 0, 1, 0, -1, 0, -4.37114e-08, -73.0962, -99.4248, 353.361)

[node name="block62" parent="Blocks" unique_id=272680448 instance=ExtResource("4_e80uo")]
transform = Transform3D(-4.37114e-08, 0, 1, 0, 1, 0, -1, 0, -4.37114e-08, -73.0962, -92.173, 360.605)

[node name="block63" parent="Blocks" unique_id=1398589089 instance=ExtResource("4_e80uo")]
transform = Transform3D(-4.37114e-08, 0, 1, 0, 1, 0, -1, 0, -4.37114e-08, -73.0962, -92.173, 354.104)

[node name="block59" parent="Blocks" unique_id=457138647 instance=ExtResource("4_e80uo")]
transform = Transform3D(1.91069e-15, -4.37114e-08, 1, -1, -4.37114e-08, 0, 4.37114e-08, -1, -4.37114e-08, -73.096, -95.9914, 359.12)

[node name="block60" parent="Blocks" unique_id=1842574909 instance=ExtResource("4_e80uo")]
transform = Transform3D(1.91069e-15, -4.37114e-08, 1, -1, -4.37114e-08, 0, 4.37114e-08, -1, -4.37114e-08, -73.096, -95.9914, 348.648)

[node name="block61" parent="Blocks" unique_id=104676222 instance=ExtResource("4_e80uo")]
transform = Transform3D(4.37114e-08, -1, -8.74228e-08, -1, -4.37114e-08, 0, -3.82137e-15, 8.74228e-08, -1, -84.8663, -95.9914, 352.989)

[node name="block28" parent="Blocks" unique_id=1744805350 instance=ExtResource("4_e80uo")]
transform = Transform3D(0.0712159, -0.033047, 0.996914, -0.00309278, 0.999439, 0.0333517, -0.997456, -0.00545847, 0.0710737, -40.5956, 29.7123, 14.358)

[node name="block29" parent="Blocks" unique_id=1927114776 instance=ExtResource("4_e80uo")]
transform = Transform3D(0.0712159, -0.033047, 0.996914, -0.00309278, 0.999439, 0.0333517, -0.997456, -0.00545847, 0.0710737, -5.60819, 30.8828, 16.8523)

[node name="block31" parent="Blocks" unique_id=777622456 instance=ExtResource("4_e80uo")]
transform = Transform3D(0.0712159, -0.033047, 0.996914, -0.00309278, 0.999439, 0.0333517, -0.997456, -0.00545847, 0.0710737, -110.272, 48.4273, 9.32527)

[node name="block38" parent="Blocks" unique_id=1279504553 instance=ExtResource("4_e80uo")]
transform = Transform3D(0.035856, -0.0332195, 0.998805, -0.00309278, 0.999439, 0.0333517, -0.999352, -0.00428501, 0.0357331, -159.824, 59.3807, 8.7753)

[node name="block40" parent="Blocks" unique_id=1805620956 instance=ExtResource("4_e80uo")]
transform = Transform3D(0.0712159, -0.033047, 0.996914, -0.00309278, 0.999439, 0.0333517, -0.997456, -0.00545847, 0.0710737, -183.454, 59.3807, 7.24995)

[node name="block42" parent="Blocks" unique_id=1772805167 instance=ExtResource("4_e80uo")]
transform = Transform3D(0.0712159, -0.033047, 0.996914, -0.00309278, 0.999439, 0.0333517, -0.997456, -0.00545847, 0.0710737, -227.923, 74.3212, 3.77572)

[node name="block49" parent="Blocks" unique_id=1808561086 instance=ExtResource("4_e80uo")]
transform = Transform3D(0.08449216, -0.032971382, 0.9958791, -0.0030927795, 0.99943894, 0.033351697, -0.9964192, -0.0058980556, 0.08434278, -98.68114, 66.42522, 7.6444807)

[node name="block68" parent="Blocks" unique_id=843182545 instance=ExtResource("4_e80uo")]
transform = Transform3D(0.041994855, -0.03319258, 0.99856687, -0.003092779, 0.9994388, 0.033351686, -0.9991128, -0.0044890125, 0.041868597, -32.25896, 88.83916, 12.383619)

[node name="block51" parent="Blocks" unique_id=1941687990 instance=ExtResource("4_e80uo")]
transform = Transform3D(0.07773633, -0.4562126, 0.8864694, 0.03324986, 0.8898513, 0.45503786, -0.99641913, -0.0058980556, 0.08434278, -73.380356, 70.930214, 9.912944)

[node name="block67" parent="Blocks" unique_id=1128965911 instance=ExtResource("4_e80uo")]
transform = Transform3D(0.07773633, -0.4562126, 0.8864694, 0.03324986, 0.8898513, 0.45503786, -0.99641913, -0.0058980556, 0.08434278, -54.708004, 82.83622, 11.778436)

[node name="block50" parent="Blocks" unique_id=2071397514 instance=ExtResource("4_e80uo")]
transform = Transform3D(0.0671828, -0.0339155, 0.206592, -0.00291763, 1.0257, 0.00691153, -0.940968, -0.00560192, 0.0147287, -190.782, 85.4199, 7.51387)

[node name="block52" parent="Blocks" unique_id=1278862724 instance=ExtResource("4_e80uo")]
transform = Transform3D(0.0671828, -0.0339155, 0.206592, -0.00291763, 1.0257, 0.00691153, -0.940968, -0.00560192, 0.0147287, -162.88, 85.4199, 7.51387)

[node name="block53" parent="Blocks" unique_id=1006257235 instance=ExtResource("4_e80uo")]
transform = Transform3D(0.0671828, -0.0339155, 0.206592, -0.00291763, 1.0257, 0.00691153, -0.940968, -0.00560192, 0.0147287, -147.916, 85.4199, 7.51387)

[node name="block54" parent="Blocks" unique_id=1078377746 instance=ExtResource("4_e80uo")]
transform = Transform3D(0.0671828, -0.0339155, 0.206592, -0.00291763, 1.0257, 0.00691153, -0.940968, -0.00560192, 0.0147287, -135.972, 87.4954, 7.51387)

[node name="block55" parent="Blocks" unique_id=1968272592 instance=ExtResource("4_e80uo")]
transform = Transform3D(0.0671828, -0.0339155, 0.206592, -0.00291763, 1.0257, 0.00691153, -0.940968, -0.00560192, 0.0147287, -129.527, 90.3249, 7.51387)

[node name="block56" parent="Blocks" unique_id=1834344127 instance=ExtResource("4_e80uo")]
transform = Transform3D(0.0671828, -0.0339155, 0.206592, -0.00291763, 1.0257, 0.00691153, -0.940968, -0.00560192, 0.0147287, -123.341, 92.8432, 7.51387)

[node name="block57" parent="Blocks" unique_id=34159426 instance=ExtResource("4_e80uo")]
transform = Transform3D(0.0671828, -0.0339155, 0.206592, -0.00291763, 1.0257, 0.00691153, -0.940968, -0.00560192, 0.0147287, -117.572, 95.4518, 7.51387)

[node name="block58" parent="Blocks" unique_id=1267320529 instance=ExtResource("4_e80uo")]
transform = Transform3D(0.123817, 0.850484, 0.312375, -0.02937, 0.324249, -0.833227, -1.15893, 0.0826462, 0.0544891, -111.887, 84.7224, 6.29808)

[node name="block43" parent="Blocks" unique_id=1877079553 instance=ExtResource("4_e80uo")]
transform = Transform3D(0.0712159, -0.033047, 0.996914, -0.00309278, 0.999439, 0.0333517, -0.997456, -0.00545847, 0.0710737, -252.634, 78.0337, 3.77572)

[node name="block48" parent="Blocks" unique_id=1200781270 instance=ExtResource("4_e80uo")]
transform = Transform3D(0.0709338, -0.174571, 0.982087, 0.00704677, 0.98463, 0.174514, -0.997456, -0.00545847, 0.0710737, -224.937, 83.9089, 5.82213)

[node name="block41" parent="Blocks" unique_id=1841264359 instance=ExtResource("4_e80uo")]
transform = Transform3D(0.0577322, 0.522984, 0.850385, -0.0418122, 0.852325, -0.521339, -0.997456, -0.00545847, 0.0710737, -204.754, 65.5866, 5.8851)

[node name="block39" parent="Blocks" unique_id=1234448765 instance=ExtResource("4_e80uo")]
transform = Transform3D(-0.00269314, -0.994421, -0.10008, 0.0125325, -0.100502, 0.990318, -1.56608, 0.000905732, 0.00809701, -172.253, 62.5909, 7.91205)

[node name="block47" parent="Blocks" unique_id=1298398616 instance=ExtResource("4_e80uo")]
transform = Transform3D(-0.00269314, -0.994421, -0.10008, 0.0125325, -0.100502, 0.990318, -1.56608, 0.000905732, 0.00809701, -161.536, 62.5909, 7.91205)

[node name="block45" parent="Blocks" unique_id=1309167268 instance=ExtResource("4_e80uo")]
transform = Transform3D(-0.00269314, -0.994421, -0.10008, 0.0125325, -0.100502, 0.990318, -1.56608, 0.000905732, 0.00809701, -182.769, 62.5909, 7.91205)

[node name="block46" parent="Blocks" unique_id=766264480 instance=ExtResource("4_e80uo")]
transform = Transform3D(-0.00269314, -0.994421, -0.10008, 0.0125325, -0.100502, 0.990318, -1.56608, 0.000905732, 0.00809701, -191.794, 62.5909, 7.91205)

[node name="block44" parent="Blocks" unique_id=830804650 instance=ExtResource("4_e80uo")]
transform = Transform3D(-0.00269314, -0.994421, -0.10008, 0.0125325, -0.100502, 0.990318, -1.56608, 0.000905732, 0.00809701, -148.992, 62.5909, 7.91205)

[node name="block36" parent="Blocks" unique_id=275276715 instance=ExtResource("4_e80uo")]
transform = Transform3D(0.0700655, 0.426158, 0.901932, 0.00277051, 0.904067, -0.427382, -0.997539, 0.0324435, 0.0621632, -137.048, 53.6686, 9.32527)

[node name="block32" parent="Blocks" unique_id=1466252063 instance=ExtResource("4_e80uo")]
transform = Transform3D(0.0712159, -0.033047, 0.996914, -0.00309278, 0.999439, 0.0333517, -0.997456, -0.00545847, 0.0710737, -73.7913, 49.6477, 11.9261)

[node name="block33" parent="Blocks" unique_id=1191377559 instance=ExtResource("4_e80uo")]
transform = Transform3D(0.0712159, -0.033047, 0.996914, -0.00309278, 0.999439, 0.0333517, -0.997456, -0.00545847, 0.0710737, -41.2908, 50.735, 14.2431)

[node name="block34" parent="Blocks" unique_id=1788003586 instance=ExtResource("4_e80uo")]
transform = Transform3D(0.0712159, -0.033047, 0.996914, -0.00309278, 0.999439, 0.0333517, -0.997456, -0.00545847, 0.0710737, -6.30332, 51.9055, 16.7375)

[node name="block30" parent="Blocks" unique_id=416104690 instance=ExtResource("4_e80uo")]
transform = Transform3D(0.0712159, -0.525228, 0.847977, -0.00309278, 0.850015, 0.52675, -0.997456, -0.0401357, 0.0589101, 26.1225, 39.1165, 19.0923)

[node name="block35" parent="Blocks" unique_id=1820188062 instance=ExtResource("4_e80uo")]
transform = Transform3D(-0.177835, 0.430362, -0.413217, -0.0635166, 0.892405, 0.208598, 0.982009, 0.135657, -0.0613385, 11.9861, 48.9777, 17.1701)

[node name="block16" parent="Blocks" unique_id=343159345 instance=ExtResource("4_e80uo")]
transform = Transform3D(-0.117431, 0.0502929, -0.1614, -0.0716836, 0.995682, 0.0095975, 0.990491, 0.0780221, -0.0184408, -76.6845, 21.1284, -2.93729)

[node name="block5" parent="Blocks" unique_id=1828949807 instance=ExtResource("4_e80uo")]
transform = Transform3D(0.0137097, -0.993228, 0.115371, -0.997404, -0.00542652, 0.071806, -0.0706937, -0.116056, -0.990724, -44.3319, 21.1683, 16.477)

[node name="block6" parent="Blocks" unique_id=28479110 instance=ExtResource("4_e80uo")]
transform = Transform3D(0.0137097, -0.993228, 0.115371, -0.997404, -0.00542652, 0.071806, -0.0706937, -0.116056, -0.990724, -33.1024, 21.7195, 10.8779)

[node name="block8" parent="Blocks" unique_id=549504001 instance=ExtResource("4_e80uo")]
transform = Transform3D(0.0137097, -0.147134, -0.989022, -0.997404, -0.0719431, -0.00312313, -0.0706937, 0.986497, -0.147738, -42.6239, 22.5976, -3.35857)

[node name="block13" parent="Blocks" unique_id=1293331519 instance=ExtResource("4_e80uo")]
transform = Transform3D(0.06414645, -0.16886804, -0.9950733, -4.666764, -0.082570486, -0.0031422386, -0.33076853, 1.1322243, -0.14864233, -54.6753, 39.093014, 4.67629)

[node name="block14" parent="Blocks" unique_id=795214350 instance=ExtResource("4_e80uo")]
transform = Transform3D(0.06414645, -0.16886804, -0.9950733, -4.666764, -0.082570486, -0.0031422386, -0.33076853, 1.1322243, -0.14864233, -75.3024, 38.787445, 1.59506)

[node name="block15" parent="Blocks" unique_id=50500303 instance=ExtResource("4_e80uo")]
transform = Transform3D(0.06423005, -0.16908868, -0.99637175, -4.6728516, -0.082678184, -0.0031463364, -0.33120093, 1.1336987, -0.1488357, -96.0793, 38.479504, -1.5085499)

[node name="block11" parent="Blocks" unique_id=1394572025 instance=ExtResource("4_e80uo")]
transform = Transform3D(0.0137097, -0.147134, -0.989022, -0.997404, -0.0719431, -0.00312313, -0.0706937, 0.986497, -0.147738, -64.8764, 22.5274, -6.6826)

[node name="block12" parent="Blocks" unique_id=1410625996 instance=ExtResource("4_e80uo")]
transform = Transform3D(0.0137097, -0.147134, -0.989022, -0.997404, -0.0719431, -0.00312313, -0.0706937, 0.986497, -0.147738, -85.0356, 22.4637, -9.69394)

[node name="block17" parent="Blocks" unique_id=868510921 instance=ExtResource("4_e80uo")]
transform = Transform3D(0.0137097, -0.147134, -0.989022, -0.997404, -0.0719431, -0.00312313, -0.0706937, 0.986497, -0.147738, -106.815, 22.395, -12.9472)

[node name="block3" parent="Blocks" unique_id=1838519953 instance=ExtResource("4_e80uo")]
transform = Transform3D(-0.742387, 0.402194, 0.255376, -0.0243142, 0.783063, -0.296197, -0.66953, -0.474398, -0.272409, -31.0905, 10.7699, 36.9199)

[node name="Label3D" type="Label3D" parent="Blocks" unique_id=1052427556]
transform = Transform3D(0.321059, 0, 0.947059, 0, 1, 0, -0.947059, 0, 0.321059, -22.152, 10.8981, 3.82033)
pixel_size = 0.061
text = "Don't look at the goated level design :)"

[node name="Label3D2" type="Label3D" parent="Blocks" unique_id=603950071]
transform = Transform3D(-0.98601055, 0, 0.1666824, 0, 1, 0, -0.1666824, 0, -0.98601055, -1.4326762, 17.388027, 37.44179)
pixel_size = 0.061
text = "WASD to move 
Shift to sprint
Spacebar to jump"

[node name="Label3D3" type="Label3D" parent="Blocks" unique_id=836822797]
transform = Transform3D(-0.11849032, 0, -0.9929553, 0, 1, 0, 0.9929553, 0, -0.11849032, -9.524841, 94.19937, 14.102016)
pixel_size = 0.061
text = "Yipeee
You did it
check if you bounce off lava"

[node name="SpotLight3D" type="SpotLight3D" parent="Blocks" unique_id=389938969]
transform = Transform3D(-4.183274e-08, -0.29001746, 0.95702136, -1.2677068e-08, 0.95702136, 0.29001746, -1, 0, -4.37114e-08, -72.48752, -95.6913, 353.51)
light_energy = 21.795
light_volumetric_fog_energy = 2.591
light_size = 1.075
spot_range = 17.1951
spot_angle = 33.4511

[node name="SpotLight3D2" type="SpotLight3D" parent="Blocks" unique_id=1385603447]
transform = Transform3D(-0.028241457, -0.30435678, 0.9521394, 0.07100754, 0.94950217, 0.30561993, -0.9970759, 0.076240234, -0.0052036997, -33.84876, 23.691463, 0.005411148)
light_energy = 5.66
light_volumetric_fog_energy = 0.516
spot_range = 36.545357
spot_angle = 28.133142

[node name="SpotLight3D3" type="SpotLight3D" parent="Blocks" unique_id=1047386493]
transform = Transform3D(-0.9152888, -0.059766218, 0.39833957, 0.07100754, 0.94950217, 0.3056199, -0.39649004, 0.30801558, -0.8648249, -33.84876, 23.691463, 0.005411148)
light_energy = 5.66
light_volumetric_fog_energy = 0.516
spot_range = 36.545357
spot_angle = 28.133142

[node name="Label3D4" type="Label3D" parent="Blocks" unique_id=1933941908]
transform = Transform3D(-6.24229e-07, 0, 1, 0, 11.9767, 0, -14.2807, 0, -4.37114e-08, -82.80461, -94.37524, 353.6475)
pixel_size = 0.002
text = "Dang you died
"

[node name="Label3D5" type="Label3D" parent="Blocks" unique_id=2084536641]
transform = Transform3D(-5.33306e-07, 0, 0.990602, 0, 19.3204, 0, -12.2006, 0, -4.33006e-08, -82.80461, -95.725334, 353.6475)
pixel_size = 0.0012
text = "restart the whole thing to try again"

[node name="Lava" type="StaticBody3D" parent="." unique_id=1450993979]
transform = Transform3D(291.172, 0, 0, 0, 18.8424, 0, 0, 0, 183.46202, -0.162437, -3.8020005, -0.18473102)
script = ExtResource("5_tdg3f")

[node name="Area3D" type="Area3D" parent="Lava" unique_id=561452251]
transform = Transform3D(0.0014390742, 0, 0, 0, 0.053071804, 0, 0, 0, 0.005450718, 0.0017506181, 0.8170564, -0.00025569764)
script = ExtResource("5_dtqjt")

[node name="CollisionShape3D" type="CollisionShape3D" parent="Lava/Area3D" unique_id=166518231]
transform = Transform3D(5.6955285, 0, 0, 0, 1, 0, 0, 0, 0.99999803, -2.8068519, -18.575485, 0.46328318)
shape = SubResource("BoxShape3D_cxr5p")
script = ExtResource("6_dtqjt")

[node name="Lava" parent="Lava/Area3D/CollisionShape3D" unique_id=984289505 instance=ExtResource("5_cxr5p")]
transform = Transform3D(122.00595, 0, 0, 0, 18.842398, 0, 0, 0, 183.46198, 0.279229, 3.1801698, -0.4163739)
skeleton = NodePath("../../../..")

[node name="CollisionShape3D2" type="CollisionShape3D" parent="Lava" unique_id=749640336]
transform = Transform3D(0.008196288, 0, 0, 0, 0.053071804, 0, 0, 0, 0.005450707, -0.0022886498, -0.16877802, 0.002269528)
shape = SubResource("BoxShape3D_cxr5p")
script = ExtResource("6_dtqjt")

[node name="largeFlatPlane" parent="." unique_id=1915866665 instance=ExtResource("1_kne1u")]
transform = Transform3D(1, 0, 0, 0, 1, 0, 0, 0, 1, -0.706612, -0.628218, 0.203064)

[node name="Camera3D2" type="Camera3D" parent="." unique_id=617630518]
transform = Transform3D(-4.37114e-08, 0, 1, 0, 1, 0, -1, 0, -4.37114e-08, -75.70584, -94.47136, 353.78052)
script = ExtResource("10_hp6x6")

[node name="Lava2" parent="Camera3D2" unique_id=1811140218 instance=ExtResource("5_cxr5p")]
transform = Transform3D(-5.356265e-06, -3.034364, -90.99882, 1.4235347e-13, 20.047226, -13.773648, 122.53707, -1.3263629e-07, -3.9776846e-06, -18.630981, -5.387642, 11.689819)
skeleton = NodePath("../..")

[connection signal="body_entered" from="Lava/Area3D" to="." method="_on_area_3d_body_entered"]
[connection signal="body_entered" from="Lava/Area3D" to="Lava/Area3D" method="_on_body_entered"]
[connection signal="body_exited" from="Lava/Area3D" to="." method="_on_area_3d_body_exited"]
