[gd_scene load_steps=9 format=3 uid="uid://d2l2q1r4wk3y5"]

[ext_resource type="PackedScene" uid="uid://drwjhv62i44xk" path="res://Tasklist Only/large_flat_plane.tscn" id="1_kne1u"]
[ext_resource type="Script" uid="uid://bkjhl7d84gscg" path="res://character_body_3d.gd" id="2_e80uo"]
[ext_resource type="Script" uid="uid://d3ymsdw38kdt8" path="res://camera_3d.gd" id="3_cxr5p"]
[ext_resource type="PackedScene" uid="uid://cvpf7cxp3jxp4" path="res://Tasklist Only/blocks/block.tscn" id="4_e80uo"]
[ext_resource type="PackedScene" uid="uid://ejw7lyl7w8of" path="res://mesh_instance_3d.tscn" id="5_cxr5p"]

[sub_resource type="Environment" id="Environment_kne1u"]
ssr_enabled = true
ssao_enabled = true
ssil_enabled = true
sdfgi_enabled = true
glow_enabled = true
glow_normalized = true
glow_intensity = 6.65
glow_strength = 2.0
fog_enabled = true
fog_light_color = Color(1, 0.491704, 0.447626, 1)
volumetric_fog_enabled = true
volumetric_fog_density = 0.067
volumetric_fog_albedo = Color(1, 0.840027, 0.813055, 1)
volumetric_fog_emission_energy = 54.45
volumetric_fog_length = 95.35

[sub_resource type="CapsuleShape3D" id="CapsuleShape3D_tdg3f"]

[sub_resource type="BoxShape3D" id="BoxShape3D_cxr5p"]
size = Vector3(266.039, 4.8266, 377.817)

[node name="Node3D" type="Node3D"]

[node name="WorldEnvironment" type="WorldEnvironment" parent="."]
environment = SubResource("Environment_kne1u")

[node name="DirectionalLight3D" type="DirectionalLight3D" parent="."]
transform = Transform3D(-0.866025, -0.5, -2.18557e-08, 0, -4.37114e-08, 1, -0.5, 0.866025, 3.78552e-08, 0, 0, 0)
shadow_enabled = true
directional_shadow_max_distance = 1810.0

[node name="largeFlatPlane" parent="." instance=ExtResource("1_kne1u")]
transform = Transform3D(1, 0, 0, 0, 1, 0, 0, 0, 1, -0.706612, -0.628218, 0.203064)

[node name="CharacterBody3D" type="CharacterBody3D" parent="."]
transform = Transform3D(1, 0, 0, 0, 1, 0, 0, 0, 1, 0, 1.2943, 0)
script = ExtResource("2_e80uo")

[node name="CollisionShape3D" type="CollisionShape3D" parent="CharacterBody3D"]
shape = SubResource("CapsuleShape3D_tdg3f")

[node name="Camera3D" type="Camera3D" parent="CharacterBody3D"]
transform = Transform3D(1, 0, 0, 0, 1, 0, 0, 0, 1, 0, 0.58352, 0)
script = ExtResource("3_cxr5p")

[node name="Node3D" type="Node3D" parent="."]
transform = Transform3D(1, 0, 0, 0, 1, 0, 0, 0, 1, -0.169489, -0.127662, 0.201502)

[node name="SpotLight3D" type="SpotLight3D" parent="Node3D"]
transform = Transform3D(0.859234, 0.510718, 0.0297388, 0.425106, -0.745123, 0.513884, 0.284609, -0.428905, -0.857344, 0, 13.1562, 0)
spot_range = 27.621
spot_attenuation = 31.6
spot_angle = 22.9287

[node name="block" parent="." instance=ExtResource("4_e80uo")]
transform = Transform3D(1, 0, 0, 0, 0.929924, 0.367751, 0, -0.367751, 0.929924, -1.38708, 3.17924, 20.2112)

[node name="block2" parent="." instance=ExtResource("4_e80uo")]
transform = Transform3D(-0.14952, 0.156095, -0.97636, -0.0660077, 0.983681, 0.167374, 0.986553, 0.0894731, -0.136776, -5.2835, 8.66636, 40.7096)

[node name="block4" parent="." instance=ExtResource("4_e80uo")]
transform = Transform3D(-0.992049, 0.0502929, 0.115371, 0.0588279, 0.995682, 0.071806, -0.111262, 0.0780221, -0.990724, -38.9996, 15.2933, 16.8989)

[node name="block7" parent="." instance=ExtResource("4_e80uo")]
transform = Transform3D(-0.992049, 0.0502929, 0.115371, 0.0588279, 0.995682, 0.071806, -0.111262, 0.0780221, -0.990724, -36.2524, 17.0031, -6.69191)

[node name="block9" parent="." instance=ExtResource("4_e80uo")]
transform = Transform3D(-0.117431, 0.0502929, -0.991807, -0.0716836, 0.995682, 0.0589769, 0.990491, 0.0780221, -0.113319, -48.6517, 17.0767, 0.361367)

[node name="block10" parent="." instance=ExtResource("4_e80uo")]
transform = Transform3D(-0.117431, 0.0502929, -0.991807, -0.0716836, 0.995682, 0.0589769, 0.990491, 0.0780221, -0.113319, -74.2523, 6.86353, -3.41296)

[node name="block20" parent="." instance=ExtResource("4_e80uo")]
transform = Transform3D(-0.117431, 0.0502929, -0.991807, -0.0716836, 0.995682, 0.0589769, 0.990491, 0.0780221, -0.113319, -50.4936, 5.45075, -0.698408)

[node name="block24" parent="." instance=ExtResource("4_e80uo")]
transform = Transform3D(-0.30325, -0.388014, -0.914142, -0.185113, 0.921422, -0.381895, 2.5578, 0.0206826, -0.136018, -39.8883, 8.51167, 0.780467)

[node name="block21" parent="." instance=ExtResource("4_e80uo")]
transform = Transform3D(-0.433864, 0.126527, -0.89205, -0.023304, 0.988183, 0.151497, 0.900677, 0.0865176, -0.425788, -25.305, 4.34519, 4.95202)

[node name="block22" parent="." instance=ExtResource("4_e80uo")]
transform = Transform3D(-0.329021, 0.229398, -0.916036, 0.170018, 0.968584, 0.18149, 0.928892, -0.096028, -0.357686, -12.8787, 1.88379, 10.965)

[node name="block19" parent="." instance=ExtResource("4_e80uo")]
transform = Transform3D(-0.117431, 0.0502929, -0.991807, -0.0716836, 0.995682, 0.0589769, 0.990491, 0.0780221, -0.113319, -97.8553, 8.26707, -6.10974)

[node name="block23" parent="." instance=ExtResource("4_e80uo")]
transform = Transform3D(-0.117431, 0.978501, -0.169546, -0.0716836, 0.16193, 0.984195, 0.990491, 0.127729, 0.0511268, -106.522, 14.9048, -6.65681)

[node name="block18" parent="." instance=ExtResource("4_e80uo")]
transform = Transform3D(-0.117431, 0.565182, -0.816565, -0.0716836, 0.815285, 0.574605, 0.990491, 0.126011, -0.0552258, -107.09, 25.0922, -5.98692)

[node name="block25" parent="." instance=ExtResource("4_e80uo")]
transform = Transform3D(0.937344, 0.342924, -0.0615671, -0.343602, 0.939116, -0.000445356, 0.0576659, 0.021572, 0.998103, -122.14, 32.2049, -7.85471)

[node name="block26" parent="." instance=ExtResource("4_e80uo")]
transform = Transform3D(0.0712159, -0.033047, 0.996914, -0.00309278, 0.999439, 0.0333517, -0.997456, -0.00545847, 0.0710737, -109.745, 27.2769, 9.64159)

[node name="block27" parent="." instance=ExtResource("4_e80uo")]
transform = Transform3D(0.0712159, -0.033047, 0.996914, -0.00309278, 0.999439, 0.0333517, -0.997456, -0.00545847, 0.0710737, -73.2657, 28.4973, 12.2424)

[node name="block28" parent="." instance=ExtResource("4_e80uo")]
transform = Transform3D(0.0712159, -0.033047, 0.996914, -0.00309278, 0.999439, 0.0333517, -0.997456, -0.00545847, 0.0710737, -40.7651, 29.5846, 14.5595)

[node name="block29" parent="." instance=ExtResource("4_e80uo")]
transform = Transform3D(0.0712159, -0.033047, 0.996914, -0.00309278, 0.999439, 0.0333517, -0.997456, -0.00545847, 0.0710737, -5.77768, 30.7551, 17.0538)

[node name="block31" parent="." instance=ExtResource("4_e80uo")]
transform = Transform3D(0.0712159, -0.033047, 0.996914, -0.00309278, 0.999439, 0.0333517, -0.997456, -0.00545847, 0.0710737, -110.441, 48.2996, 9.52677)

[node name="block32" parent="." instance=ExtResource("4_e80uo")]
transform = Transform3D(0.0712159, -0.033047, 0.996914, -0.00309278, 0.999439, 0.0333517, -0.997456, -0.00545847, 0.0710737, -73.9608, 49.52, 12.1276)

[node name="block33" parent="." instance=ExtResource("4_e80uo")]
transform = Transform3D(0.0712159, -0.033047, 0.996914, -0.00309278, 0.999439, 0.0333517, -0.997456, -0.00545847, 0.0710737, -41.4603, 50.6073, 14.4446)

[node name="block34" parent="." instance=ExtResource("4_e80uo")]
transform = Transform3D(0.0712159, -0.033047, 0.996914, -0.00309278, 0.999439, 0.0333517, -0.997456, -0.00545847, 0.0710737, -6.47281, 51.7778, 16.939)

[node name="block30" parent="." instance=ExtResource("4_e80uo")]
transform = Transform3D(0.0712159, -0.525228, 0.847977, -0.00309278, 0.850015, 0.52675, -0.997456, -0.0401357, 0.0589101, 25.953, 38.9888, 19.2938)

[node name="block35" parent="." instance=ExtResource("4_e80uo")]
transform = Transform3D(-0.177835, 0.430362, -0.413217, -0.0635166, 0.892405, 0.208598, 0.982009, 0.135657, -0.0613385, 11.8166, 48.85, 17.3716)

[node name="block16" parent="." instance=ExtResource("4_e80uo")]
transform = Transform3D(-0.117431, 0.0502929, -0.1614, -0.0716836, 0.995682, 0.0095975, 0.990491, 0.0780221, -0.0184408, -76.854, 21.0007, -2.73579)

[node name="block5" parent="." instance=ExtResource("4_e80uo")]
transform = Transform3D(0.0137097, -0.993228, 0.115371, -0.997404, -0.00542652, 0.071806, -0.0706937, -0.116056, -0.990724, -44.5014, 21.0406, 16.6785)

[node name="block6" parent="." instance=ExtResource("4_e80uo")]
transform = Transform3D(0.0137097, -0.993228, 0.115371, -0.997404, -0.00542652, 0.071806, -0.0706937, -0.116056, -0.990724, -33.2719, 21.5918, 11.0794)

[node name="block8" parent="." instance=ExtResource("4_e80uo")]
transform = Transform3D(0.0137097, -0.147134, -0.989022, -0.997404, -0.0719431, -0.00312313, -0.0706937, 0.986497, -0.147738, -42.7934, 22.4699, -3.15707)

[node name="block13" parent="." instance=ExtResource("4_e80uo")]
transform = Transform3D(0.0137097, -0.147134, -0.989022, -0.997404, -0.0719431, -0.00312313, -0.0706937, 0.986497, -0.147738, -54.8448, 21.7348, 4.87779)

[node name="block14" parent="." instance=ExtResource("4_e80uo")]
transform = Transform3D(0.0137097, -0.147134, -0.989022, -0.997404, -0.0719431, -0.00312313, -0.0706937, 0.986497, -0.147738, -75.4719, 21.6697, 1.79656)

[node name="block15" parent="." instance=ExtResource("4_e80uo")]
transform = Transform3D(0.0137097, -0.147134, -0.989022, -0.997404, -0.0719431, -0.00312313, -0.0706937, 0.986497, -0.147738, -96.2488, 21.6041, -1.30705)

[node name="block11" parent="." instance=ExtResource("4_e80uo")]
transform = Transform3D(0.0137097, -0.147134, -0.989022, -0.997404, -0.0719431, -0.00312313, -0.0706937, 0.986497, -0.147738, -65.0459, 22.3997, -6.4811)

[node name="block12" parent="." instance=ExtResource("4_e80uo")]
transform = Transform3D(0.0137097, -0.147134, -0.989022, -0.997404, -0.0719431, -0.00312313, -0.0706937, 0.986497, -0.147738, -85.2051, 22.336, -9.49244)

[node name="block17" parent="." instance=ExtResource("4_e80uo")]
transform = Transform3D(0.0137097, -0.147134, -0.989022, -0.997404, -0.0719431, -0.00312313, -0.0706937, 0.986497, -0.147738, -106.984, 22.2673, -12.7457)

[node name="block3" parent="." instance=ExtResource("4_e80uo")]
transform = Transform3D(-0.742387, 0.402194, 0.255376, -0.0243142, 0.783063, -0.296197, -0.66953, -0.474398, -0.272409, -31.26, 10.6422, 37.1214)

[node name="Label3D" type="Label3D" parent="."]
transform = Transform3D(0.321059, 0, 0.947059, 0, 1, 0, -0.947059, 0, 0.321059, -22.3215, 10.7704, 4.02183)
pixel_size = 0.061
text = "Don't look at the goated level design :)"

[node name="StaticBody3D" type="StaticBody3D" parent="."]
transform = Transform3D(291.172, 0, 0, 0, 18.8424, 0, 0, 0, 183.462, -0.162437, -0.714856, -0.184731)

[node name="CollisionShape3D" type="CollisionShape3D" parent="StaticBody3D"]
transform = Transform3D(0.00819629, 0, 0, 0, 0.0530718, 0, 0, 0, 0.00545071, -0.00228865, -0.0499117, 0.00226953)
shape = SubResource("BoxShape3D_cxr5p")

[node name="MeshInstance3D" parent="StaticBody3D/CollisionShape3D" instance=ExtResource("5_cxr5p")]
transform = Transform3D(122.006, 0, 0, 0, 18.8424, 0, 0, 0, 183.462, 0.279229, 0.940457, -0.416374)
skeleton = NodePath("../../..")
