[gd_scene load_steps=13 format=3 uid="uid://d2l2q1r4wk3y5"]

[ext_resource type="PackedScene" uid="uid://drwjhv62i44xk" path="res://Tasklist Only/large_flat_plane.tscn" id="1_kne1u"]
[ext_resource type="Script" uid="uid://bkxe01vf0uykh" path="res://player.gd" id="1_wi0c6"]
[ext_resource type="Script" uid="uid://bkjhl7d84gscg" path="res://character_body_3d.gd" id="2_e80uo"]
[ext_resource type="Script" uid="uid://d3ymsdw38kdt8" path="res://camera_3d.gd" id="3_cxr5p"]
[ext_resource type="PackedScene" uid="uid://cvpf7cxp3jxp4" path="res://Tasklist Only/blocks/block.tscn" id="4_e80uo"]
[ext_resource type="PackedScene" uid="uid://ejw7lyl7w8of" path="res://mesh_instance_3d.tscn" id="5_cxr5p"]
[ext_resource type="Script" uid="uid://dbuwgn34v7o5i" path="res://area_3d.gd" id="5_dtqjt"]
[ext_resource type="Script" uid="uid://dmbtnckwje2s6" path="res://lava.gd" id="5_tdg3f"]
[ext_resource type="Script" uid="uid://dg8r2pnxujt6u" path="res://collision_shape_3d.gd" id="6_dtqjt"]

[sub_resource type="Environment" id="Environment_kne1u"]
ssr_enabled = true
ssao_enabled = true
ssil_enabled = true
sdfgi_enabled = true
glow_enabled = true
glow_normalized = true
glow_intensity = 6.65
glow_strength = 2.0
fog_enabled = true
fog_light_color = Color(1, 0.491704, 0.447626, 1)
volumetric_fog_enabled = true
volumetric_fog_density = 0.067
volumetric_fog_albedo = Color(1, 0.840027, 0.813055, 1)
volumetric_fog_emission_energy = 54.45
volumetric_fog_length = 95.35

[sub_resource type="CapsuleShape3D" id="CapsuleShape3D_tdg3f"]

[sub_resource type="BoxShape3D" id="BoxShape3D_cxr5p"]
size = Vector3(266.039, 4.8266, 377.817)

[node name="Node3D" type="Node3D"]
script = ExtResource("1_wi0c6")

[node name="WorldEnvironment" type="WorldEnvironment" parent="."]
environment = SubResource("Environment_kne1u")

[node name="DirectionalLight3D" type="DirectionalLight3D" parent="."]
transform = Transform3D(-0.866025, -0.5, -2.18557e-08, 0, -4.37114e-08, 1, -0.5, 0.866025, 3.78552e-08, 0, 0, 0)
shadow_enabled = true
directional_shadow_max_distance = 1810.0

[node name="largeFlatPlane" parent="." instance=ExtResource("1_kne1u")]
transform = Transform3D(1, 0, 0, 0, 1, 0, 0, 0, 1, -0.706612, -0.628218, 0.203064)

[node name="Player" type="CharacterBody3D" parent="."]
transform = Transform3D(1, 0, 0, 0, 1, 0, 0, 0, 1, 0, 1.2943, 0)
script = ExtResource("2_e80uo")

[node name="CollisionShape3D" type="CollisionShape3D" parent="Player"]
shape = SubResource("CapsuleShape3D_tdg3f")

[node name="Camera3D" type="Camera3D" parent="Player"]
transform = Transform3D(1, 0, 0, 0, 1, 0, 0, 0, 1, 0, 0.58352, 0)
script = ExtResource("3_cxr5p")

[node name="Node3D" type="Node3D" parent="."]
transform = Transform3D(1, 0, 0, 0, 1, 0, 0, 0, 1, -0.169489, -0.127662, 0.201502)

[node name="block" parent="Node3D" instance=ExtResource("4_e80uo")]
transform = Transform3D(1, 0, 0, 0, 0.929924, 0.367751, 0, -0.367751, 0.929924, -1.21759, 3.3069, 20.0097)

[node name="block2" parent="Node3D" instance=ExtResource("4_e80uo")]
transform = Transform3D(-0.14952, 0.156095, -0.97636, -0.0660077, 0.983681, 0.167374, 0.986553, 0.0894731, -0.136776, -5.11401, 8.79402, 40.5081)

[node name="block4" parent="Node3D" instance=ExtResource("4_e80uo")]
transform = Transform3D(-0.992049, 0.0502929, 0.115371, 0.0588279, 0.995682, 0.071806, -0.111262, 0.0780221, -0.990724, -38.8301, 15.421, 16.6974)

[node name="block7" parent="Node3D" instance=ExtResource("4_e80uo")]
transform = Transform3D(-0.992049, 0.0502929, 0.115371, 0.0588279, 0.995682, 0.071806, -0.111262, 0.0780221, -0.990724, -36.0829, 17.1308, -6.89341)

[node name="block9" parent="Node3D" instance=ExtResource("4_e80uo")]
transform = Transform3D(-0.117431, 0.0502929, -0.991807, -0.0716836, 0.995682, 0.0589769, 0.990491, 0.0780221, -0.113319, -48.4822, 17.2044, 0.159865)

[node name="block10" parent="Node3D" instance=ExtResource("4_e80uo")]
transform = Transform3D(-0.117431, 0.0502929, -0.991807, -0.0716836, 0.995682, 0.0589769, 0.990491, 0.0780221, -0.113319, -74.0828, 6.99119, -3.61446)

[node name="block20" parent="Node3D" instance=ExtResource("4_e80uo")]
transform = Transform3D(-0.117431, 0.0502929, -0.991807, -0.0716836, 0.995682, 0.0589769, 0.990491, 0.0780221, -0.113319, -50.3241, 5.57841, -0.89991)

[node name="block24" parent="Node3D" instance=ExtResource("4_e80uo")]
transform = Transform3D(-0.30325, -0.388014, -0.914142, -0.185113, 0.921422, -0.381895, 2.5578, 0.0206826, -0.136018, -39.7188, 8.63933, 0.578965)

[node name="block21" parent="Node3D" instance=ExtResource("4_e80uo")]
transform = Transform3D(-0.433864, 0.126527, -0.89205, -0.023304, 0.988183, 0.151497, 0.900677, 0.0865176, -0.425788, -25.1355, 4.47285, 4.75052)

[node name="block22" parent="Node3D" instance=ExtResource("4_e80uo")]
transform = Transform3D(-0.329021, 0.229398, -0.916036, 0.170018, 0.968584, 0.18149, 0.928892, -0.096028, -0.357686, -12.7092, 2.01145, 10.7635)

[node name="block19" parent="Node3D" instance=ExtResource("4_e80uo")]
transform = Transform3D(-0.117431, 0.0502929, -0.991807, -0.0716836, 0.995682, 0.0589769, 0.990491, 0.0780221, -0.113319, -97.6858, 8.39473, -6.31124)

[node name="block23" parent="Node3D" instance=ExtResource("4_e80uo")]
transform = Transform3D(-0.117431, 0.978501, -0.169546, -0.0716836, 0.16193, 0.984195, 0.990491, 0.127729, 0.0511268, -106.353, 15.0325, -6.85831)

[node name="block18" parent="Node3D" instance=ExtResource("4_e80uo")]
transform = Transform3D(-0.117431, 0.565182, -0.816565, -0.0716836, 0.815285, 0.574605, 0.990491, 0.126011, -0.0552258, -106.921, 25.2199, -6.18842)

[node name="block25" parent="Node3D" instance=ExtResource("4_e80uo")]
transform = Transform3D(0.937344, 0.342924, -0.0615671, -0.343602, 0.939116, -0.000445356, 0.0576659, 0.021572, 0.998103, -121.971, 32.3326, -8.05621)

[node name="block26" parent="Node3D" instance=ExtResource("4_e80uo")]
transform = Transform3D(0.0712159, -0.033047, 0.996914, -0.00309278, 0.999439, 0.0333517, -0.997456, -0.00545847, 0.0710737, -109.576, 27.4046, 9.44009)

[node name="block27" parent="Node3D" instance=ExtResource("4_e80uo")]
transform = Transform3D(0.0712159, -0.033047, 0.996914, -0.00309278, 0.999439, 0.0333517, -0.997456, -0.00545847, 0.0710737, -73.0962, 28.625, 12.0409)

[node name="block37" parent="Node3D" instance=ExtResource("4_e80uo")]
transform = Transform3D(-4.37114e-08, 0, 1, 0, 1, 0, -1, 0, -4.37114e-08, -73.0962, -99.4248, 353.361)

[node name="block62" parent="Node3D" instance=ExtResource("4_e80uo")]
transform = Transform3D(-4.37114e-08, 0, 1, 0, 1, 0, -1, 0, -4.37114e-08, -73.0962, -92.173, 360.605)

[node name="block63" parent="Node3D" instance=ExtResource("4_e80uo")]
transform = Transform3D(-4.37114e-08, 0, 1, 0, 1, 0, -1, 0, -4.37114e-08, -73.0962, -92.173, 354.104)

[node name="block59" parent="Node3D" instance=ExtResource("4_e80uo")]
transform = Transform3D(1.91069e-15, -4.37114e-08, 1, -1, -4.37114e-08, 0, 4.37114e-08, -1, -4.37114e-08, -73.096, -95.9914, 359.12)

[node name="block60" parent="Node3D" instance=ExtResource("4_e80uo")]
transform = Transform3D(1.91069e-15, -4.37114e-08, 1, -1, -4.37114e-08, 0, 4.37114e-08, -1, -4.37114e-08, -73.096, -95.9914, 348.648)

[node name="block61" parent="Node3D" instance=ExtResource("4_e80uo")]
transform = Transform3D(4.37114e-08, -1, -8.74228e-08, -1, -4.37114e-08, 0, -3.82137e-15, 8.74228e-08, -1, -84.8663, -95.9914, 352.989)

[node name="block28" parent="Node3D" instance=ExtResource("4_e80uo")]
transform = Transform3D(0.0712159, -0.033047, 0.996914, -0.00309278, 0.999439, 0.0333517, -0.997456, -0.00545847, 0.0710737, -40.5956, 29.7123, 14.358)

[node name="block29" parent="Node3D" instance=ExtResource("4_e80uo")]
transform = Transform3D(0.0712159, -0.033047, 0.996914, -0.00309278, 0.999439, 0.0333517, -0.997456, -0.00545847, 0.0710737, -5.60819, 30.8828, 16.8523)

[node name="block31" parent="Node3D" instance=ExtResource("4_e80uo")]
transform = Transform3D(0.0712159, -0.033047, 0.996914, -0.00309278, 0.999439, 0.0333517, -0.997456, -0.00545847, 0.0710737, -110.272, 48.4273, 9.32527)

[node name="block38" parent="Node3D" instance=ExtResource("4_e80uo")]
transform = Transform3D(0.035856, -0.0332195, 0.998805, -0.00309278, 0.999439, 0.0333517, -0.999352, -0.00428501, 0.0357331, -159.824, 59.3807, 8.7753)

[node name="block40" parent="Node3D" instance=ExtResource("4_e80uo")]
transform = Transform3D(0.0712159, -0.033047, 0.996914, -0.00309278, 0.999439, 0.0333517, -0.997456, -0.00545847, 0.0710737, -183.454, 59.3807, 7.24995)

[node name="block42" parent="Node3D" instance=ExtResource("4_e80uo")]
transform = Transform3D(0.0712159, -0.033047, 0.996914, -0.00309278, 0.999439, 0.0333517, -0.997456, -0.00545847, 0.0710737, -227.923, 74.3212, 3.77572)

[node name="block49" parent="Node3D" instance=ExtResource("4_e80uo")]
transform = Transform3D(0.0671828, -0.0339155, 0.206592, -0.00291763, 1.0257, 0.00691153, -0.940968, -0.00560192, 0.0147287, -203.625, 85.4199, 7.55565)

[node name="block50" parent="Node3D" instance=ExtResource("4_e80uo")]
transform = Transform3D(0.0671828, -0.0339155, 0.206592, -0.00291763, 1.0257, 0.00691153, -0.940968, -0.00560192, 0.0147287, -190.782, 85.4199, 7.51387)

[node name="block51" parent="Node3D" instance=ExtResource("4_e80uo")]
transform = Transform3D(0.0671828, -0.0339155, 0.206592, -0.00291763, 1.0257, 0.00691153, -0.940968, -0.00560192, 0.0147287, -177.32, 85.4199, 7.51387)

[node name="block52" parent="Node3D" instance=ExtResource("4_e80uo")]
transform = Transform3D(0.0671828, -0.0339155, 0.206592, -0.00291763, 1.0257, 0.00691153, -0.940968, -0.00560192, 0.0147287, -162.88, 85.4199, 7.51387)

[node name="block53" parent="Node3D" instance=ExtResource("4_e80uo")]
transform = Transform3D(0.0671828, -0.0339155, 0.206592, -0.00291763, 1.0257, 0.00691153, -0.940968, -0.00560192, 0.0147287, -147.916, 85.4199, 7.51387)

[node name="block54" parent="Node3D" instance=ExtResource("4_e80uo")]
transform = Transform3D(0.0671828, -0.0339155, 0.206592, -0.00291763, 1.0257, 0.00691153, -0.940968, -0.00560192, 0.0147287, -135.972, 87.4954, 7.51387)

[node name="block55" parent="Node3D" instance=ExtResource("4_e80uo")]
transform = Transform3D(0.0671828, -0.0339155, 0.206592, -0.00291763, 1.0257, 0.00691153, -0.940968, -0.00560192, 0.0147287, -129.527, 90.3249, 7.51387)

[node name="block56" parent="Node3D" instance=ExtResource("4_e80uo")]
transform = Transform3D(0.0671828, -0.0339155, 0.206592, -0.00291763, 1.0257, 0.00691153, -0.940968, -0.00560192, 0.0147287, -123.341, 92.8432, 7.51387)

[node name="block57" parent="Node3D" instance=ExtResource("4_e80uo")]
transform = Transform3D(0.0671828, -0.0339155, 0.206592, -0.00291763, 1.0257, 0.00691153, -0.940968, -0.00560192, 0.0147287, -117.572, 95.4518, 7.51387)

[node name="block58" parent="Node3D" instance=ExtResource("4_e80uo")]
transform = Transform3D(0.123817, 0.850484, 0.312375, -0.02937, 0.324249, -0.833227, -1.15893, 0.0826462, 0.0544891, -111.887, 84.7224, 6.29808)

[node name="block43" parent="Node3D" instance=ExtResource("4_e80uo")]
transform = Transform3D(0.0712159, -0.033047, 0.996914, -0.00309278, 0.999439, 0.0333517, -0.997456, -0.00545847, 0.0710737, -252.634, 78.0337, 3.77572)

[node name="block48" parent="Node3D" instance=ExtResource("4_e80uo")]
transform = Transform3D(0.0709338, -0.174571, 0.982087, 0.00704677, 0.98463, 0.174514, -0.997456, -0.00545847, 0.0710737, -224.937, 83.9089, 5.82213)

[node name="block41" parent="Node3D" instance=ExtResource("4_e80uo")]
transform = Transform3D(0.0577322, 0.522984, 0.850385, -0.0418122, 0.852325, -0.521339, -0.997456, -0.00545847, 0.0710737, -204.754, 65.5866, 5.8851)

[node name="block39" parent="Node3D" instance=ExtResource("4_e80uo")]
transform = Transform3D(-0.00269314, -0.994421, -0.10008, 0.0125325, -0.100502, 0.990318, -1.56608, 0.000905732, 0.00809701, -172.253, 62.5909, 7.91205)

[node name="block47" parent="Node3D" instance=ExtResource("4_e80uo")]
transform = Transform3D(-0.00269314, -0.994421, -0.10008, 0.0125325, -0.100502, 0.990318, -1.56608, 0.000905732, 0.00809701, -161.536, 62.5909, 7.91205)

[node name="block45" parent="Node3D" instance=ExtResource("4_e80uo")]
transform = Transform3D(-0.00269314, -0.994421, -0.10008, 0.0125325, -0.100502, 0.990318, -1.56608, 0.000905732, 0.00809701, -182.769, 62.5909, 7.91205)

[node name="block46" parent="Node3D" instance=ExtResource("4_e80uo")]
transform = Transform3D(-0.00269314, -0.994421, -0.10008, 0.0125325, -0.100502, 0.990318, -1.56608, 0.000905732, 0.00809701, -191.794, 62.5909, 7.91205)

[node name="block44" parent="Node3D" instance=ExtResource("4_e80uo")]
transform = Transform3D(-0.00269314, -0.994421, -0.10008, 0.0125325, -0.100502, 0.990318, -1.56608, 0.000905732, 0.00809701, -148.992, 62.5909, 7.91205)

[node name="block36" parent="Node3D" instance=ExtResource("4_e80uo")]
transform = Transform3D(0.0700655, 0.426158, 0.901932, 0.00277051, 0.904067, -0.427382, -0.997539, 0.0324435, 0.0621632, -137.048, 53.6686, 9.32527)

[node name="block32" parent="Node3D" instance=ExtResource("4_e80uo")]
transform = Transform3D(0.0712159, -0.033047, 0.996914, -0.00309278, 0.999439, 0.0333517, -0.997456, -0.00545847, 0.0710737, -73.7913, 49.6477, 11.9261)

[node name="block33" parent="Node3D" instance=ExtResource("4_e80uo")]
transform = Transform3D(0.0712159, -0.033047, 0.996914, -0.00309278, 0.999439, 0.0333517, -0.997456, -0.00545847, 0.0710737, -41.2908, 50.735, 14.2431)

[node name="block34" parent="Node3D" instance=ExtResource("4_e80uo")]
transform = Transform3D(0.0712159, -0.033047, 0.996914, -0.00309278, 0.999439, 0.0333517, -0.997456, -0.00545847, 0.0710737, -6.30332, 51.9055, 16.7375)

[node name="block30" parent="Node3D" instance=ExtResource("4_e80uo")]
transform = Transform3D(0.0712159, -0.525228, 0.847977, -0.00309278, 0.850015, 0.52675, -0.997456, -0.0401357, 0.0589101, 26.1225, 39.1165, 19.0923)

[node name="block35" parent="Node3D" instance=ExtResource("4_e80uo")]
transform = Transform3D(-0.177835, 0.430362, -0.413217, -0.0635166, 0.892405, 0.208598, 0.982009, 0.135657, -0.0613385, 11.9861, 48.9777, 17.1701)

[node name="block16" parent="Node3D" instance=ExtResource("4_e80uo")]
transform = Transform3D(-0.117431, 0.0502929, -0.1614, -0.0716836, 0.995682, 0.0095975, 0.990491, 0.0780221, -0.0184408, -76.6845, 21.1284, -2.93729)

[node name="block5" parent="Node3D" instance=ExtResource("4_e80uo")]
transform = Transform3D(0.0137097, -0.993228, 0.115371, -0.997404, -0.00542652, 0.071806, -0.0706937, -0.116056, -0.990724, -44.3319, 21.1683, 16.477)

[node name="block6" parent="Node3D" instance=ExtResource("4_e80uo")]
transform = Transform3D(0.0137097, -0.993228, 0.115371, -0.997404, -0.00542652, 0.071806, -0.0706937, -0.116056, -0.990724, -33.1024, 21.7195, 10.8779)

[node name="block8" parent="Node3D" instance=ExtResource("4_e80uo")]
transform = Transform3D(0.0137097, -0.147134, -0.989022, -0.997404, -0.0719431, -0.00312313, -0.0706937, 0.986497, -0.147738, -42.6239, 22.5976, -3.35857)

[node name="block13" parent="Node3D" instance=ExtResource("4_e80uo")]
transform = Transform3D(0.037831, -0.161507, -0.993123, -2.75227, -0.0789712, -0.00313608, -0.195074, 1.08287, -0.148351, -54.6753, 35.5544, 4.67629)

[node name="block14" parent="Node3D" instance=ExtResource("4_e80uo")]
transform = Transform3D(0.037831, -0.161507, -0.993123, -2.75227, -0.0789712, -0.00313608, -0.195074, 1.08287, -0.148351, -75.3024, 35.3744, 1.59506)

[node name="block15" parent="Node3D" instance=ExtResource("4_e80uo")]
transform = Transform3D(0.0378803, -0.161718, -0.994419, -2.75586, -0.0790742, -0.00314017, -0.195329, 1.08428, -0.148544, -96.0793, 35.193, -1.50855)

[node name="block11" parent="Node3D" instance=ExtResource("4_e80uo")]
transform = Transform3D(0.0137097, -0.147134, -0.989022, -0.997404, -0.0719431, -0.00312313, -0.0706937, 0.986497, -0.147738, -64.8764, 22.5274, -6.6826)

[node name="block12" parent="Node3D" instance=ExtResource("4_e80uo")]
transform = Transform3D(0.0137097, -0.147134, -0.989022, -0.997404, -0.0719431, -0.00312313, -0.0706937, 0.986497, -0.147738, -85.0356, 22.4637, -9.69394)

[node name="block17" parent="Node3D" instance=ExtResource("4_e80uo")]
transform = Transform3D(0.0137097, -0.147134, -0.989022, -0.997404, -0.0719431, -0.00312313, -0.0706937, 0.986497, -0.147738, -106.815, 22.395, -12.9472)

[node name="block3" parent="Node3D" instance=ExtResource("4_e80uo")]
transform = Transform3D(-0.742387, 0.402194, 0.255376, -0.0243142, 0.783063, -0.296197, -0.66953, -0.474398, -0.272409, -31.0905, 10.7699, 36.9199)

[node name="Label3D" type="Label3D" parent="Node3D"]
transform = Transform3D(0.321059, 0, 0.947059, 0, 1, 0, -0.947059, 0, 0.321059, -22.152, 10.8981, 3.82033)
pixel_size = 0.061
text = "Don't look at the goated level design :)"

[node name="Camera3D2" type="Camera3D" parent="Node3D"]
transform = Transform3D(-4.37114e-08, 0, 1, 0, 1, 0, -1, 0, -4.37114e-08, -74.1656, -94.3437, 353.579)

[node name="SpotLight3D" type="SpotLight3D" parent="Node3D"]
transform = Transform3D(-4.37114e-08, 0, 1, 0, 1, 0, -1, 0, -4.37114e-08, -73.4547, -95.6913, 353.51)
light_energy = 21.795
light_volumetric_fog_energy = 2.591
light_size = 1.075
spot_range = 17.1951
spot_angle = 33.4511

[node name="Lava" type="StaticBody3D" parent="."]
transform = Transform3D(291.172, 0, 0, 0, 18.8424, 0, 0, 0, 183.462, -0.162437, -3.802, -0.184731)
script = ExtResource("5_tdg3f")

[node name="CollisionShape3D" type="CollisionShape3D" parent="Lava"]
transform = Transform3D(0.00819629, 0, 0, 0, 0.0530718, 0, 0, 0, 0.00545071, -0.00228865, -0.168778, 0.00226953)
shape = SubResource("BoxShape3D_cxr5p")
script = ExtResource("6_dtqjt")

[node name="Area3D" type="Area3D" parent="Lava/CollisionShape3D"]
transform = Transform3D(0.419018, 0, 0, 0, 1, 0, 0, 0, 1, 0.347294, 10.299, -0.231642)
script = ExtResource("5_dtqjt")

[node name="Lava" parent="Lava" instance=ExtResource("5_cxr5p")]
transform = Transform3D(0.999996, 0, 0, 0, 1, 0, 0, 0, 0.999998, -8.44011e-09, -6.25849e-07, -4.07454e-09)
skeleton = NodePath("../..")

[node name="Label3D" type="Label3D" parent="."]
transform = Transform3D(-6.24229e-07, 0, 1, 0, 11.9767, 0, -14.2807, 0, -4.37114e-08, -82.9741, -94.5029, 353.849)
pixel_size = 0.002
text = "Dang you died
"

[node name="Label3D2" type="Label3D" parent="."]
transform = Transform3D(-5.33306e-07, 0, 0.990602, 0, 19.3204, 0, -12.2006, 0, -4.33006e-08, -82.9741, -95.853, 353.849)
pixel_size = 0.0012
text = "restart the whole thing to try again"
